# Created by Octave 4.2.1, Thu Feb 15 11:26:02 2018 -05 <Andre@MacBook-Pro-de-Andre.local>
# name: A
# type: matrix
# rows: 3
# columns: 2
 1 2
 3 4
 5 6


